1 5
2 4
3 5
4 5
5 4
6 5
7 5
8 4
9 4
10 5
11 4
12 4
13 2
14 4
15 4
16 3
17 4
18 4
19 4
20 4
21 3
22 5
23 4
24 5
25 4
26 4
27 5
28 4
29 3
30 3
31 4
32 3
33 4
34 5
35 3
36 5
37 5
38 4
39 4
40 5
41 4
42 4
43 4
44 5
45 5
46 5
47 3
48 4
49 3
50 5
51 4
52 4
53 4
54 4
55 2
56 4
57 3
58 4
59 6
60 3
61 5
62 3
63 4
64 5
65 4
66 5
67 4
68 4
69 4
70 3
71 5
72 5
73 5
74 4
75 5
76 4
77 4
78 5
79 4
80 3
81 5
82 5
83 3
84 5
85 4
86 5
87 3
88 5
89 4
90 4
91 4
92 3
93 4
94 5
95 4
96 5
97 4
98 4
99 4
100 5
101 4
102 5
103 3
104 4
105 3
106 4
107 4
108 4
109 5
110 4
111 4
112 4
113 4
114 5
115 4
116 4
117 5
118 4
119 5
120 5
121 5
122 3
123 4
124 5
125 5
126 5
127 4
128 4
129 4
130 4
131 3
132 5
133 4
134 4
135 4
136 4
137 3
138 4
139 5
140 3
141 5
142 5
143 3
144 5
145 5
146 4
147 5
148 4
149 3
150 4
151 4
152 3
153 4
154 3
155 5
156 3
157 4
158 4
159 4
160 4
161 4
162 4
163 3
164 6
165 4
166 6
167 3
168 6
169 4
170 5
171 3
172 4
173 5
174 4
175 5
176 4
177 2
178 4
179 5
180 4
181 5
182 5
183 5
184 5
185 3
186 3
187 4
188 2
189 5
190 4
191 4
192 3
193 5
194 3
195 5
196 4
197 5
198 5
199 5
200 5
201 5
202 5
203 3
204 5
205 3
206 4
207 4
208 5
209 4
210 3
211 4
212 3
213 5
214 4
215 2
216 4
217 3
218 4
219 3
220 2
221 5
222 5
223 5
224 5
225 4
226 3
227 5
228 4
229 5
230 4
231 5
232 4
233 4
234 4
235 4
236 5
237 3
238 3
239 3
240 4
241 4
242 5
243 4
244 4
245 6
246 4
247 4
248 4
249 5
250 3
251 5
252 4
253 5
254 3
255 3
256 4
257 3
258 5
259 3
260 3
261 5
262 3
263 3
264 5
265 4
266 4
267 5
268 5
269 5
270 4
271 5
272 5
273 2
274 3
275 4
276 4
277 5
278 4
279 2
280 3
281 4
282 2
283 3
284 5
285 3
286 3
287 3
288 5
289 4
290 4
291 5
292 4
293 4
294 4
295 2
296 4
297 4
298 4
299 4
300 5
301 4
302 4
303 5
304 5
305 5
306 5
307 5
308 3
309 3
310 3
311 4
312 4
313 3
314 5
315 4
316 6
317 4
318 5
319 3
320 4
321 4
322 4
323 3
324 4
325 4
326 4
327 4
328 4
329 4
330 4
331 5
332 5
333 4
334 5
335 4
336 5
337 5
338 4
339 5
340 4
341 4
342 3
343 3
344 4
345 5
346 2
347 3
348 4
349 5
350 3
351 5
352 4
353 4
354 4
355 4
356 4
357 5
358 4
359 3
360 4
361 4
362 3
363 4
364 3
365 5
366 3
367 4
368 4
369 5
370 3
371 3
372 4
373 5
374 5
375 6
376 5
377 5
378 5
379 4
380 5
381 4
382 4
383 4
384 4
385 5
386 4
387 4
388 5
389 4
390 5
391 5
392 3
393 3
394 5
395 5
396 4
397 3
398 4
399 4
400 5
401 3
402 5
403 4
404 5
405 5
406 5
407 5
408 4
409 6
410 5
411 5
412 3
413 4
414 4
415 3
416 4
417 5
418 3
419 4
420 4
421 5
422 4
423 5
424 5
425 5
426 4
427 3
428 5
429 4
430 5
431 5
432 4
433 4
434 3
435 5
436 5
437 5
438 5
439 3
440 4
441 5
442 5
443 4
444 5
445 3
446 4
447 5
448 5
449 4
450 3
451 3
452 3
453 5
454 4
455 5
456 4
457 6
458 4
459 5
460 5
461 3
462 4
463 4
464 5
465 4
466 4
467 4
468 5
469 4
470 3
471 2
472 4
473 4
474 4
475 5
476 5
477 5
478 3
479 5
480 4
481 4
482 3
483 4
484 4
485 5
486 4
487 5
488 5
489 5
490 5
491 4
492 3
493 4
494 5
495 4
496 3
497 5
498 4
499 4
500 4
501 4
502 4
503 4
504 5
505 5
506 5
507 5
508 4
509 5
510 4
511 5
512 4
513 5
514 4
515 3
516 5
517 2
518 4
519 4
520 4
521 4
522 5
523 2
524 5
525 4
526 5
527 3
528 4
529 4
530 3
531 5
532 4
533 4
534 3
535 5
536 3
537 4
538 5
539 5
540 4
541 4
542 5
543 6
544 4
545 5
546 3
547 4
548 4
549 3
550 4
551 5
552 5
553 4
554 4
555 4
556 5
557 4
558 4
559 4
560 5
561 5
562 4
563 4
564 4
565 6
566 5
567 4
568 4
569 4
570 4
571 4
572 4
573 5
574 5
575 5
576 4
577 5
578 5
579 5
580 5
581 4
582 4
583 5
584 3
585 6
586 4
587 5
588 3
589 5
590 5
591 4
592 4
593 5
594 5
595 5
596 4
597 5
598 4
599 5
600 5
601 4
602 5
603 5
604 4
605 2
606 4
607 5
608 4
609 4
610 4
611 5
612 5
613 4
614 4
615 4
616 5
617 2
618 5
619 3
620 4
621 4
622 5
623 4
624 5
625 2
626 4
627 4
628 2
629 3
630 5
631 4
632 4
633 4
634 5
635 4
636 5
637 3
638 4
639 3
640 4
641 2
642 3
643 5
644 6
645 3
646 5
647 4
648 3
649 5
650 4
651 3
652 4
653 5
654 4
655 5
656 5
657 4
658 4
659 4
660 5
661 4
662 3
663 3
664 6
665 4
666 3
667 6
668 5
669 4
670 5
671 5
672 4
673 5
674 4
675 3
676 4
677 2
678 4
679 4
680 4
681 3
682 5
683 4
684 6
685 2
686 5
687 2
688 5
689 4
690 4
691 4
692 5
693 5
694 3
695 4
696 4
697 4
698 3
699 3
700 3
701 4
702 3
703 5
704 3
705 4
706 4
707 5
708 5
709 4
710 4
711 5
712 3
713 5
714 5
715 3
716 4
717 4
718 4
719 4
720 5
721 4
722 3
723 4
724 3
725 4
726 5
727 4
728 5
729 5
730 6
731 3
732 5
733 4
734 4
735 4
736 4
737 5
738 4
739 4
740 5
741 4
742 3
743 4
744 5
745 4
746 4
747 3
748 5
749 3
750 5
751 5
752 4
753 3
754 3
755 5
756 3
757 6
758 4
759 3
760 5
761 3
762 4
763 5
764 5
765 4
766 4
767 5
768 4
769 4
770 4
771 5
772 4
773 5
774 3
775 5
776 3
777 4
778 4
779 4
780 4
781 3
782 6
783 3
784 3
785 3
786 5
787 3
788 5
789 3
790 4
791 3
792 4
793 4
794 3
795 3
796 3
797 4
798 5
799 4
800 4
801 4
802 3
803 4
804 5
805 4
806 4
807 4
808 4
809 5
810 5
811 4
812 3
813 3
814 4
815 4
816 5
817 4
818 4
819 4
820 4
821 5
822 4
823 6
824 5
825 5
826 5
827 3
828 2
829 4
830 4
831 4
832 4
833 3
834 5
835 4
836 3
837 3
838 4
839 4
840 5
841 5
842 2
843 5
844 4
845 4
846 4
847 4
848 2
849 5
850 5
851 3
852 4
853 4
854 4
855 3
856 4
857 4
858 3
859 3
860 6
861 4
862 6
863 4
864 5
865 4
866 4
867 5
868 5
869 5
870 4
871 5
872 5
873 5
874 6
875 4
876 5
877 4
878 3
879 4
880 4
881 5
882 3
883 4
884 4
885 4
886 4
887 4
888 4
889 5
890 5
891 5
892 5
893 3
894 4
895 3
896 4
897 5
898 3
899 2
900 4
901 5
902 6
903 4
904 4
905 5
906 5
907 5
908 4
909 3
910 3
911 4
912 4
913 3
914 3
915 4
916 3
917 5
918 4
919 5
920 4
921 5
922 3
923 5
924 4
925 5
926 4
927 4
928 3
929 5
930 4
931 4
932 5
933 6
934 4
935 4
936 4
937 5
938 4
939 6
940 4
941 4
942 4
943 5
944 5
945 5
946 5
947 4
948 4
949 4
950 4
951 3
952 5
953 2
954 2
955 5
956 4
957 4
958 5
959 5
960 3
961 5
962 3
963 4
964 2
965 4
966 5
967 5
968 5
969 5
970 6
971 4
972 4
973 3
974 5
975 5
976 4
977 4
978 5
979 3
980 5
981 4
982 4
983 5
984 4
985 3
986 3
987 5
988 4
989 5
990 5
991 5
992 4
993 6
994 5
995 4
996 4
997 5
998 3
999 4
1000 2
